45
181
48
130
145
155
143
152
213
184
98
132
97
182
187
144
129
141
165
222
225
39
218
183
142
146
151
164
64
128
96
172
95
171
55
156
56
166
167
170
185
42
40
223
54
94
173
133
148
53
65
169
57
150
147
140
149
175
174
52
157
92
168
127
186
214
91
105
58
93
176
134
51
103
66
47
104
138
139
158
135
89
177
106
44
219
229
230
233
34
234
247
36
38
227
37
231
232
245
244
243
238
236
35
67
59
90
84
102
136
126
88
81
60
137
125
207
86
107
87
206
83
208
178
82
124
85
209
159
50
68
194
46
195
108
197
210
101
61
80
205
122
77
193
123
69
78
198
79
160
179
196
70
191
215
220
221
211
192
72
121
73
71
49
120
109
161
204
74
100
75
203
200
201
110
62
76
199
202
190
99
212
43
41
224
226
228
118
162
116
189
180
119
111
117
115
216
217
188
63
153
113
112
154
114
163
131
