111111111
111111110
11111110
1111110
1111101
1111100
1111011
1111010
111100111
111100110
11110010
1111000
11101111
111011101
111011100
1110110
1110101
1110100
11100111
11100110111
111001101101
111001101100
1110011010
111001100
1110010
1110001
1110000
11011111
11011110
1101110
11011011
11011010
11011001
11011000
1101011
1101010
1101001
11010001
11010000
11001111
110011101
1100111001
11001110001
11001110000
1100110
11001011
11001010
1100100
1100011
1100010
11000011
11000010
1100000
1011111
1011110
1011101
1011100
10110111
10110110
1011010
1011001
10110001
10110000
1010111
101011011
101011010
10101100
1010101
1010100
10100111
10100110
1010010
1010001
1010000
10011111
10011110
1001110
1001101
1001100
1001011
1001010
10010011
10010010
1001000
100011111
1000111101
10001111001111
10001111001110
100011110011011
1000111100110101
10001111001101001
10001111001101000
10001111001100
100011110010
100011110001
1000111100001
10001111000001
1000111100000011
10001111000000101
10001111000000100
10001111000000011
10001111000000010
10001111000000001
10001111000000000
10001110
1000110
10001011
10001010
1000100
1000011
1000010
10000011
10000010
1000000
0111111
0111110
01111011
01111010
0111100
01110111
01110110
01110101
01110100
01110011
01110010
0111000
01101111
01101110
0110110
0110101
01101001
01101000
01100111
01100110
0110010
01100011
01100010
0110000
0101111
01011101
01011100
0101101
01011001
01011000
0101011
01010101
01010100
01010011
01010010
0101000
01001111
01001110
01001101
01001100
010010111
0100101101
0100101100
01001010
01001001
01001000
0100011
01000101
01000100
0100001
0100000
0011111
0011110
00111011
00111010
0011100
00110111
00110110
00110101
00110100
0011001
0011000
00101111
00101110
00101101
00101100
0010101
00101001
001010001
0010100001
00101000001
001010000001
001010000000
0010011
0010010
0010001
00100001
00100000
0001111
0001110
0001101
0001100
000101111
000101110
00010110
0001010
000100
0000111
0000110
000010
0000011
0000010
000000
